ENVI ASCII Plot File [Tue Oct 15 16:57:47 2024]
Column 1: Wavelength
Column 2: X:158 Y:6353~~1
Column 3: X:167 Y:6101~~1
Column 4: X:85 Y:6291~~1
   460.989990  -997.720032  -997.720032  -997.720032
   500.920013  -998.115356  -998.115356  -998.115356
   540.840027     0.123489     0.070784     0.172614
   580.760010     0.132571     0.078861     0.185393
   620.690002     0.139642     0.079130     0.199914
   660.609985     0.141976     0.088422     0.204663
   700.539978     0.144906     0.089327     0.210473
   730.479980     0.151392     0.093057     0.207102
   750.440002     0.151265     0.096152     0.216432
   770.400024     0.153192     0.093253     0.215035
   790.369995     0.154434     0.093605     0.202815
   810.330017     0.150552     0.094222     0.208931
   830.289978     0.145977     0.094662     0.215046
   850.250000     0.153271     0.090688     0.204516
   870.210022     0.149108     0.094629     0.203429
   890.169983     0.150090     0.089972     0.210520
   910.140015     0.145662     0.094307     0.212078
   930.099976     0.151289     0.095946     0.210922
   950.059998     0.152038     0.093964     0.211115
   970.020020     0.148634     0.098432     0.211801
   989.979980     0.148777     0.097409     0.212786
  1009.950012     0.148008     0.095859     0.213440
  1029.910034     0.147893     0.096243     0.211253
  1049.869995     0.147423     0.096542     0.219399
  1069.829956     0.146720     0.098540     0.213488
  1089.790039     0.149110     0.101021     0.227583
  1109.760010     0.151642     0.102391     0.228463
  1129.719971     0.152377     0.103889     0.229423
  1149.680054     0.155444     0.106309     0.238737
  1169.640015     0.154701     0.109607     0.242931
  1189.599976     0.155892     0.112248     0.243099
  1209.569946     0.159581     0.110734     0.242212
  1229.530029     0.159848     0.113312     0.246989
  1249.489990     0.161488     0.117755     0.251131
  1269.449951     0.163542     0.119695     0.252775
  1289.410034     0.165403     0.118130     0.253782
  1309.380005     0.167140     0.123128     0.263332
  1329.339966     0.169578     0.123992     0.265812
  1349.300049     0.172148     0.125235     0.268339
  1369.260010     0.175997     0.128804     0.267900
  1389.219971     0.177852     0.134353     0.274526
  1409.189941     0.181370     0.134540     0.281180
  1429.150024     0.182313     0.133665     0.279711
  1449.109985     0.188469     0.142489     0.278049
  1469.069946     0.189697     0.142682     0.288108
  1489.030029     0.194947     0.146459     0.278548
  1508.989990     0.196701     0.150185     0.290253
  1528.959961     0.198518     0.153396     0.294151
  1548.920044     0.200196     0.154001     0.298749
  1578.859985     0.202670     0.155129     0.304806
  1618.790039     0.207201     0.164818     0.300006
  1658.709961     0.209892     0.168871     0.311414
  1698.630005     0.211426     0.172265     0.305478
  1738.560059     0.215841     0.175692     0.309971
  1778.479980     0.217724     0.178104     0.307916
  1818.400024     0.219873     0.180350     0.308847
  1858.329956     0.223198     0.183402     0.313944
  1898.250000     0.225271     0.186885     0.310407
  1938.180054     0.226680     0.189258     0.309704
  1978.099976     0.230224     0.190341     0.320165
  2018.020020     0.232361     0.192734     0.318112
  2057.949951     0.233856     0.197944     0.317589
  2097.870117     0.234631     0.199783     0.323809
  2137.800049     0.236454     0.201010     0.320236
  2177.719971     0.239020     0.203729     0.324486
  2217.639893     0.240012     0.206248     0.329951
  2257.570068     0.240872     0.205652     0.336436
  2297.489990     0.242724     0.210536     0.344532
  2337.419922     0.242281     0.213297     0.343237
  2377.340088     0.244397     0.215942     0.347181
  2417.260010     0.243621     0.218407     0.352513
  2457.189941     0.245401     0.221049     0.354776
  2497.110107     0.245412     0.220037     0.362397
  2537.030029     0.245922     0.222468     0.365483
  2576.959961     0.243310     0.225422     0.369659
  2616.879883     0.243983     0.229140     0.373843
  2656.810059     0.244115     0.231490     0.381264
  2696.729980     0.240329     0.234223     0.384230
  2736.649902     0.239403     0.238324     0.390454
  2776.580078     0.228771     0.235614     0.390987
  2816.500000     0.224690     0.232594     0.386221
  2856.429932     0.227940     0.242049     0.401241
  2896.350098     0.223548     0.245557     0.406985
  2936.270020     0.216843     0.243974     0.396251
  2976.199951     0.202911     0.247599     0.409972
